# Rest-frame phase (days) and absolute magnitude (AB) per band
phase_rest_day F129 F158 g r i
0.047523 -11.0385 -10.6779 -12.3107 -12.0736 -11.8376
0.142728 -12.7819 -12.4680 -13.5915 -13.5326 -13.3996
0.237933 -13.5491 -13.2655 -14.0576 -14.1142 -14.0483
0.333138 -14.0286 -13.7696 -14.2914 -14.4418 -14.4307
0.428343 -14.3668 -14.1297 -14.4102 -14.6441 -14.6821
0.523548 -14.6195 -14.4030 -14.4569 -14.7690 -14.8531
0.618753 -14.8139 -14.6173 -14.4516 -14.8391 -14.9681
0.713957 -14.9651 -14.7878 -14.4049 -14.8672 -15.0407
0.809162 -15.0813 -14.9219 -14.3243 -14.8619 -15.0801
0.904367 -15.1702 -15.0294 -14.2121 -14.8262 -15.0901
0.999572 -15.2361 -15.1146 -14.0707 -14.7631 -15.0741
1.094777 -15.2817 -15.1804 -13.9022 -14.6750 -15.0345
1.189982 -15.3093 -15.2291 -13.7085 -14.5639 -14.9735
1.285187 -15.3205 -15.2622 -13.4922 -14.4320 -14.8930
1.380392 -15.3182 -15.2837 -13.2508 -14.2779 -14.7928
1.475597 -15.2953 -15.2809 -13.0254 -14.1263 -14.6869
1.570802 -15.2321 -15.2201 -12.9490 -14.0527 -14.6160
1.666007 -15.1710 -15.1642 -12.8483 -13.9642 -14.5362
1.761212 -15.1089 -15.1078 -12.7449 -13.8728 -14.4538
1.856417 -15.0467 -15.0519 -12.6409 -13.7802 -14.3703
1.951621 -14.9865 -14.9989 -12.5326 -13.6850 -14.2854
2.046826 -14.9286 -14.9489 -12.4243 -13.5898 -14.2010
2.142031 -14.8739 -14.9029 -12.3159 -13.4951 -14.1178
2.237236 -14.8230 -14.8611 -12.2084 -13.4017 -14.0364
2.332441 -14.7761 -14.8240 -12.1029 -13.3105 -13.9576
2.427646 -14.7334 -14.7914 -12.0002 -13.2220 -13.8817
2.522851 -14.6947 -14.7631 -11.9009 -13.1366 -13.8091
2.618056 -14.6599 -14.7389 -11.8055 -13.0548 -13.7399
2.713261 -14.6286 -14.7183 -11.7144 -12.9766 -13.6742
2.808466 -14.6005 -14.7009 -11.6279 -12.9021 -13.6117
2.903671 -14.5749 -14.6861 -11.5461 -12.8312 -13.5524
2.998876 -14.5516 -14.6734 -11.4688 -12.7637 -13.4958
3.094081 -14.5300 -14.6624 -11.3960 -12.6995 -13.4418
3.189285 -14.5098 -14.6526 -11.3275 -12.6383 -13.3900
3.284490 -14.4905 -14.6437 -11.2630 -12.5797 -13.3402
3.379695 -14.4719 -14.6353 -11.2022 -12.5236 -13.2919
3.474900 -14.4537 -14.6272 -11.1448 -12.4697 -13.2450
3.570105 -14.4356 -14.6191 -11.0907 -12.4177 -13.1992
3.665310 -14.4175 -14.6109 -11.0394 -12.3675 -13.1544
3.760515 -14.3991 -14.6024 -10.9908 -12.3189 -13.1103
3.855720 -14.3804 -14.5935 -10.9447 -12.2718 -13.0669
3.950925 -14.3613 -14.5840 -10.9008 -12.2260 -13.0240
4.046130 -14.3416 -14.5740 -10.8591 -12.1814 -12.9817
4.141335 -14.3214 -14.5633 -10.8193 -12.1380 -12.9397
4.236540 -14.3005 -14.5519 -10.7813 -12.0958 -12.8981
4.331745 -14.2789 -14.5398 -10.7450 -12.0546 -12.8569
4.426949 -14.2567 -14.5270 -10.7103 -12.0145 -12.8161
4.522154 -14.2337 -14.5133 -10.6771 -11.9755 -12.7757
4.617359 -14.2100 -14.4989 -10.6454 -11.9375 -12.7356
4.712564 -14.1855 -14.4836 -10.6149 -11.9005 -12.6959
4.807769 -14.1603 -14.4676 -10.5858 -11.8645 -12.6566
4.902974 -14.1344 -14.4507 -10.5578 -11.8295 -12.6178
4.998179 -14.1077 -14.4330 -10.5310 -11.7955 -12.5795
5.093384 -14.0802 -14.4144 -10.5052 -11.7625 -12.5416
5.188589 -14.0520 -14.3951 -10.4804 -11.7305 -12.5043
5.283794 -14.0231 -14.3749 -10.4565 -11.6994 -12.4676
5.378999 -13.9935 -14.3539 -10.4335 -11.6693 -12.4314
5.474204 -13.9631 -14.3320 -10.4114 -11.6401 -12.3959
5.569409 -13.9321 -14.3094 -10.3900 -11.6119 -12.3610
5.664613 -13.9003 -14.2859 -10.3693 -11.5846 -12.3269
5.759818 -13.8679 -14.2616 -10.3494 -11.5581 -12.2934
5.855023 -13.8348 -14.2365 -10.3300 -11.5325 -12.2606
5.950228 -13.8011 -14.2106 -10.3113 -11.5077 -12.2286
6.045433 -13.7668 -14.1839 -10.2931 -11.4838 -12.1974
6.140638 -13.7319 -14.1565 -10.2754 -11.4606 -12.1669
6.235843 -13.6965 -14.1283 -10.2582 -11.4382 -12.1372
6.331048 -13.6605 -14.0993 -10.2415 -11.4165 -12.1083
6.426253 -13.6240 -14.0696 -10.2252 -11.3955 -12.0802
6.521458 -13.5870 -14.0391 -10.2093 -11.3751 -12.0529
6.616663 -13.5496 -14.0080 -10.1938 -11.3554 -12.0264
6.711868 -13.5118 -13.9761 -10.1786 -11.3363 -12.0007
6.807073 -13.4736 -13.9435 -10.1638 -11.3178 -11.9758
6.902277 -13.4350 -13.9103 -10.1493 -11.2998 -11.9517
6.997482 -13.3962 -13.8764 -10.1350 -11.2824 -11.9283
7.092687 -13.3571 -13.8420 -10.1211 -11.2654 -11.9056
7.187892 -13.3178 -13.8069 -10.1074 -11.2490 -11.8837
7.283097 -13.2783 -13.7712 -10.0940 -11.2329 -11.8625
7.378302 -13.2387 -13.7349 -10.0808 -11.2173 -11.8419
7.473507 -13.1989 -13.6980 -10.0679 -11.2021 -11.8221
7.568712 -13.1592 -13.6606 -10.0551 -11.1873 -11.8028
7.663917 -13.1194 -13.6228 -10.0426 -11.1728 -11.7842
7.759122 -13.0797 -13.5845 -10.0304 -11.1587 -11.7662
7.854327 -13.0402 -13.5458 -10.0183 -11.1449 -11.7488
7.949532 -13.0010 -13.5068 -10.0064 -11.1314 -11.7319
8.044737 -12.9621 -13.4677 -9.9947 -11.1183 -11.7156
8.139941 -12.9235 -13.4283 -9.9833 -11.1054 -11.6997
8.235146 -12.8853 -13.3887 -9.9720 -11.0928 -11.6844
8.330351 -12.8474 -13.3487 -9.9609 -11.0804 -11.6695
8.425556 -12.8097 -13.3081 -9.9500 -11.0683 -11.6550
8.520761 -12.7721 -13.2670 -9.9392 -11.0565 -11.6410
8.615966 -12.7345 -13.2251 -9.9287 -11.0449 -11.6273
8.711171 -12.6973 -13.1827 -9.9184 -11.0335 -11.6140
8.806376 -12.6609 -13.1406 -9.9082 -11.0224 -11.6011
8.901581 -12.6261 -13.0996 -9.8982 -11.0115 -11.5886
8.996786 -12.5935 -13.0607 -9.8884 -11.0008 -11.5765
9.091991 -12.5639 -13.0249 -9.8788 -10.9903 -11.5648
9.187196 -12.5382 -12.9935 -9.8693 -10.9801 -11.5536
9.282401 -12.5167 -12.9669 -9.8601 -10.9701 -11.5428
9.377605 -12.4990 -12.9448 -9.8510 -10.9604 -11.5324
9.472810 -12.4841 -12.9261 -9.8421 -10.9508 -11.5224
9.568015 -12.4714 -12.9100 -9.8333 -10.9414 -11.5126
9.663220 -12.4600 -12.8953 -9.8248 -10.9323 -11.5031
9.758425 -12.4490 -12.8811 -9.8164 -10.9233 -11.4938
9.853630 -12.4374 -12.8661 -9.8082 -10.9145 -11.4846
9.948835 -12.4248 -12.8498 -9.8002 -10.9059 -11.4756
10.044040 -12.4114 -12.8324 -9.7924 -10.8974 -11.4667
10.139245 -12.3975 -12.8143 -9.7847 -10.8892 -11.4579
10.234450 -12.3832 -12.7956 -9.7772 -10.8811 -11.4493
10.329655 -12.3687 -12.7766 -9.7699 -10.8731 -11.4409
10.424860 -12.3544 -12.7577 -9.7627 -10.8654 -11.4326
10.520065 -12.3404 -12.7392 -9.7557 -10.8578 -11.4246
10.615269 -12.3269 -12.7212 -9.7489 -10.8504 -11.4167
10.710474 -12.3140 -12.7039 -9.7422 -10.8432 -11.4091
10.805679 -12.3015 -12.6870 -9.7357 -10.8362 -11.4016
10.900884 -12.2894 -12.6706 -9.7294 -10.8293 -11.3943
10.996089 -12.2777 -12.6546 -9.7232 -10.8227 -11.3872
11.091294 -12.2663 -12.6389 -9.7172 -10.8161 -11.3803
11.186499 -12.2551 -12.6234 -9.7114 -10.8098 -11.3736
11.281704 -12.2440 -12.6081 -9.7056 -10.8036 -11.3670
11.376909 -12.2331 -12.5929 -9.7001 -10.7976 -11.3606
11.472114 -12.2223 -12.5778 -9.6947 -10.7917 -11.3543
11.567319 -12.2117 -12.5629 -9.6894 -10.7860 -11.3482
11.662524 -12.2012 -12.5482 -9.6843 -10.7804 -11.3423
11.757729 -12.1910 -12.5336 -9.6793 -10.7750 -11.3365
11.852933 -12.1809 -12.5193 -9.6744 -10.7697 -11.3309
11.948138 -12.1710 -12.5052 -9.6697 -10.7646 -11.3254
12.043343 -12.1614 -12.4913 -9.6651 -10.7596 -11.3201
12.138548 -12.1520 -12.4778 -9.6606 -10.7547 -11.3149
12.233753 -12.1429 -12.4646 -9.6563 -10.7500 -11.3099
12.328958 -12.1339 -12.4516 -9.6520 -10.7454 -11.3050
12.424163 -12.1253 -12.4389 -9.6479 -10.7409 -11.3002
12.519368 -12.1168 -12.4264 -9.6439 -10.7366 -11.2956
12.614573 -12.1085 -12.4143 -9.6400 -10.7323 -11.2911
12.709778 -12.1005 -12.4024 -9.6363 -10.7282 -11.2867
12.804983 -12.0926 -12.3907 -9.6326 -10.7242 -11.2825
12.900188 -12.0849 -12.3793 -9.6290 -10.7204 -11.2783
12.995393 -12.0774 -12.3681 -9.6255 -10.7166 -11.2743
13.090597 -12.0701 -12.3571 -9.6222 -10.7129 -11.2704
13.185802 -12.0630 -12.3464 -9.6189 -10.7093 -11.2666
13.281007 -12.0560 -12.3359 -9.6157 -10.7059 -11.2629
13.376212 -12.0492 -12.3256 -9.6126 -10.7025 -11.2592
13.471417 -12.0426 -12.3155 -9.6095 -10.6992 -11.2557
13.566622 -12.0361 -12.3057 -9.6066 -10.6960 -11.2523
13.661827 -12.0299 -12.2961 -9.6037 -10.6929 -11.2490
13.757032 -12.0237 -12.2867 -9.6009 -10.6899 -11.2458
13.852237 -12.0177 -12.2775 -9.5982 -10.6869 -11.2426
13.947442 -12.0119 -12.2686 -9.5955 -10.6840 -11.2396
14.042647 -12.0062 -12.2598 -9.5930 -10.6812 -11.2366
14.137852 -12.0007 -12.2513 -9.5904 -10.6785 -11.2337
14.233057 -11.9953 -12.2429 -9.5880 -10.6758 -11.2308
14.328261 -11.9901 -12.2348 -9.5856 -10.6733 -11.2281
14.423466 -11.9849 -12.2268 -9.5833 -10.6707 -11.2254
14.518671 -11.9799 -12.2191 -9.5810 -10.6683 -11.2228
14.613876 -11.9751 -12.2115 -9.5788 -10.6659 -11.2202
14.709081 -11.9703 -12.2041 -9.5766 -10.6635 -11.2177
14.804286 -11.9657 -12.1968 -9.5745 -10.6612 -11.2153
14.899491 -11.9612 -12.1898 -9.5724 -10.6590 -11.2129
14.994696 -11.9568 -12.1829 -9.5704 -10.6568 -11.2106
15.089901 -11.9525 -12.1761 -9.5684 -10.6547 -11.2083
15.185106 -11.9483 -12.1695 -9.5665 -10.6526 -11.2061
15.280311 -11.9442 -12.1631 -9.5646 -10.6505 -11.2039
15.375516 -11.9402 -12.1568 -9.5627 -10.6485 -11.2018
15.470721 -11.9363 -12.1506 -9.5609 -10.6466 -11.1997
15.565925 -11.9324 -12.1446 -9.5591 -10.6447 -11.1977
15.661130 -11.9287 -12.1388 -9.5574 -10.6428 -11.1957
15.756335 -11.9251 -12.1330 -9.5557 -10.6409 -11.1937
15.851540 -11.9215 -12.1274 -9.5540 -10.6391 -11.1918
15.946745 -11.9180 -12.1219 -9.5524 -10.6374 -11.1900
16.041950 -11.9146 -12.1165 -9.5508 -10.6357 -11.1881
16.137155 -11.9113 -12.1113 -9.5492 -10.6340 -11.1863
16.232360 -11.9080 -12.1061 -9.5476 -10.6323 -11.1846
16.327565 -11.9048 -12.1011 -9.5461 -10.6306 -11.1828
16.422770 -11.9017 -12.0962 -9.5446 -10.6290 -11.1811
16.517975 -11.8986 -12.0914 -9.5431 -10.6275 -11.1795
16.613180 -11.8957 -12.0867 -9.5417 -10.6259 -11.1778
16.708385 -11.8927 -12.0821 -9.5402 -10.6244 -11.1762
16.803589 -11.8898 -12.0775 -9.5388 -10.6229 -11.1746
16.898794 -11.8870 -12.0731 -9.5375 -10.6214 -11.1731
16.993999 -11.8843 -12.0688 -9.5361 -10.6200 -11.1715
17.089204 -11.8816 -12.0645 -9.5348 -10.6185 -11.1700
17.184409 -11.8789 -12.0604 -9.5334 -10.6171 -11.1685
17.279614 -11.8763 -12.0563 -9.5321 -10.6157 -11.1671
17.374819 -11.8737 -12.0523 -9.5309 -10.6144 -11.1656
17.470024 -11.8712 -12.0483 -9.5296 -10.6130 -11.1642
17.565229 -11.8688 -12.0445 -9.5284 -10.6117 -11.1628
17.660434 -11.8663 -12.0407 -9.5271 -10.6104 -11.1615
17.755639 -11.8640 -12.0370 -9.5259 -10.6091 -11.1601
17.850844 -11.8616 -12.0333 -9.5247 -10.6078 -11.1588
17.946049 -11.8593 -12.0298 -9.5235 -10.6066 -11.1574
18.041253 -11.8571 -12.0262 -9.5224 -10.6053 -11.1561
18.136458 -11.8549 -12.0228 -9.5212 -10.6041 -11.1549
18.231663 -11.8527 -12.0194 -9.5201 -10.6029 -11.1536
18.326868 -11.8505 -12.0161 -9.5189 -10.6017 -11.1523
18.422073 -11.8484 -12.0128 -9.5178 -10.6005 -11.1511
18.517278 -11.8463 -12.0096 -9.5167 -10.5994 -11.1499
18.612483 -11.8443 -12.0064 -9.5156 -10.5982 -11.1487
18.707688 -11.8423 -12.0033 -9.5146 -10.5971 -11.1475
18.802893 -11.8403 -12.0003 -9.5135 -10.5959 -11.1463
18.898098 -11.8384 -11.9972 -9.5125 -10.5948 -11.1451
18.993303 -11.8364 -11.9943 -9.5114 -10.5937 -11.1440
19.088508 -11.8345 -11.9914 -9.5104 -10.5926 -11.1429
19.183713 -11.8327 -11.9885 -9.5094 -10.5916 -11.1417
19.278918 -11.8308 -11.9857 -9.5084 -10.5905 -11.1406
19.374122 -11.8290 -11.9829 -9.5074 -10.5895 -11.1395
19.469327 -11.8272 -11.9802 -9.5064 -10.5884 -11.1384
19.564532 -11.8255 -11.9775 -9.5054 -10.5874 -11.1374
19.659737 -11.8238 -11.9749 -9.5044 -10.5864 -11.1363
19.754942 -11.8220 -11.9723 -9.5035 -10.5854 -11.1353
19.850147 -11.8204 -11.9697 -9.5025 -10.5844 -11.1342
19.945352 -11.8187 -11.9672 -9.5016 -10.5834 -11.1332
20.040557 -11.8171 -11.9647 -9.5006 -10.5824 -11.1322
20.135762 -11.8154 -11.9623 -9.4997 -10.5814 -11.1312
20.230967 -11.8138 -11.9598 -9.4988 -10.5805 -11.1302
20.326172 -11.8123 -11.9575 -9.4979 -10.5795 -11.1292
20.421377 -11.8107 -11.9551 -9.4970 -10.5786 -11.1282
20.516582 -11.8092 -11.9528 -9.4961 -10.5776 -11.1272
20.611786 -11.8076 -11.9505 -9.4952 -10.5767 -11.1262
20.706991 -11.8061 -11.9483 -9.4943 -10.5758 -11.1253
20.802196 -11.8046 -11.9460 -9.4934 -10.5748 -11.1243
20.897401 -11.8032 -11.9439 -9.4926 -10.5739 -11.1234
20.992606 -11.8017 -11.9417 -9.4917 -10.5730 -11.1224
21.087811 -11.8003 -11.9396 -9.4908 -10.5721 -11.1215
21.183016 -11.7989 -11.9375 -9.4900 -10.5712 -11.1206
21.278221 -11.7974 -11.9354 -9.4891 -10.5703 -11.1197
21.373426 -11.7961 -11.9333 -9.4883 -10.5695 -11.1188
21.468631 -11.7947 -11.9313 -9.4874 -10.5686 -11.1179
21.563836 -11.7933 -11.9293 -9.4866 -10.5677 -11.1170
21.659041 -11.7920 -11.9274 -9.4858 -10.5669 -11.1161
21.754246 -11.7907 -11.9254 -9.4850 -10.5660 -11.1152
21.849450 -11.7894 -11.9236 -9.4842 -10.5652 -11.1144
21.944655 -11.7881 -11.9217 -9.4834 -10.5644 -11.1135
22.039860 -11.7869 -11.9199 -9.4826 -10.5636 -11.1127
22.135065 -11.7857 -11.9180 -9.4819 -10.5628 -11.1119
22.230270 -11.7845 -11.9163 -9.4811 -10.5620 -11.1111
22.325475 -11.7833 -11.9145 -9.4804 -10.5612 -11.1103
22.420680 -11.7821 -11.9128 -9.4797 -10.5605 -11.1095
22.515885 -11.7809 -11.9111 -9.4789 -10.5597 -11.1087
22.611090 -11.7798 -11.9095 -9.4782 -10.5590 -11.1080
22.706295 -11.7787 -11.9078 -9.4775 -10.5583 -11.1072
22.801500 -11.7775 -11.9062 -9.4768 -10.5575 -11.1064
22.896705 -11.7764 -11.9046 -9.4761 -10.5568 -11.1057
22.991910 -11.7753 -11.9030 -9.4754 -10.5561 -11.1049
23.087114 -11.7742 -11.9014 -9.4747 -10.5553 -11.1042
23.182319 -11.7731 -11.8998 -9.4739 -10.5546 -11.1034
23.277524 -11.7720 -11.8982 -9.4732 -10.5538 -11.1026
23.372729 -11.7709 -11.8967 -9.4725 -10.5530 -11.1018
23.467934 -11.7698 -11.8951 -9.4717 -10.5523 -11.1010
23.563139 -11.7687 -11.8936 -9.4709 -10.5515 -11.1002
23.658344 -11.7675 -11.8920 -9.4702 -10.5507 -11.0994
23.753549 -11.7664 -11.8904 -9.4694 -10.5498 -11.0985
23.848754 -11.7652 -11.8889 -9.4685 -10.5490 -11.0977
23.943959 -11.7641 -11.8873 -9.4677 -10.5481 -11.0968
24.039164 -11.7629 -11.8857 -9.4668 -10.5473 -11.0959
24.134369 -11.7617 -11.8842 -9.4660 -10.5464 -11.0950
24.229574 -11.7606 -11.8826 -9.4651 -10.5455 -11.0941
24.324778 -11.7594 -11.8811 -9.4643 -10.5446 -11.0932
24.419983 -11.7583 -11.8796 -9.4635 -10.5438 -11.0924
24.515188 -11.7572 -11.8782 -9.4627 -10.5430 -11.0916
24.610393 -11.7562 -11.8768 -9.4619 -10.5422 -11.0908
24.705598 -11.7552 -11.8754 -9.4612 -10.5414 -11.0900
24.800803 -11.7542 -11.8741 -9.4605 -10.5407 -11.0893
24.896008 -11.7533 -11.8729 -9.4598 -10.5401 -11.0886
24.991213 -11.7525 -11.8717 -9.4592 -10.5395 -11.0880
25.086418 -11.7517 -11.8706 -9.4587 -10.5390 -11.0874
25.181623 -11.7510 -11.8696 -9.4583 -10.5385 -11.0870
25.276828 -11.7504 -11.8687 -9.4579 -10.5381 -11.0866
25.372033 -11.7499 -11.8678 -9.4576 -10.5378 -11.0863
25.467238 -11.7494 -11.8671 -9.4574 -10.5376 -11.0860
25.562442 -11.7491 -11.8665 -9.4573 -10.5375 -11.0859
25.657647 -11.7488 -11.8659 -9.4573 -10.5375 -11.0859
25.752852 -11.7486 -11.8654 -9.4573 -10.5375 -11.0858
25.848057 -11.7485 -11.8650 -9.4574 -10.5375 -11.0859
25.943262 -11.7483 -11.8645 -9.4574 -10.5375 -11.0859
26.038467 -11.7481 -11.8641 -9.4574 -10.5375 -11.0859
26.133672 -11.7479 -11.8636 -9.4574 -10.5375 -11.0858
26.228877 -11.7476 -11.8630 -9.4573 -10.5374 -11.0857
26.324082 -11.7472 -11.8624 -9.4571 -10.5372 -11.0855
26.419287 -11.7467 -11.8617 -9.4568 -10.5369 -11.0852
26.514492 -11.7461 -11.8609 -9.4564 -10.5364 -11.0847
26.609697 -11.7453 -11.8599 -9.4558 -10.5358 -11.0841
26.704902 -11.7444 -11.8587 -9.4551 -10.5351 -11.0833
26.800106 -11.7432 -11.8573 -9.4541 -10.5341 -11.0823
26.895311 -11.7419 -11.8557 -9.4529 -10.5328 -11.0811
26.990516 -11.7402 -11.8539 -9.4514 -10.5314 -11.0796
27.085721 -11.7384 -11.8518 -9.4497 -10.5296 -11.0779
27.180926 -11.7362 -11.8494 -9.4476 -10.5276 -11.0758
27.276131 -11.7336 -11.8467 -9.4452 -10.5252 -11.0734
27.371336 -11.7308 -11.8437 -9.4425 -10.5225 -11.0707
27.466541 -11.7278 -11.8405 -9.4396 -10.5196 -11.0678
27.561746 -11.7245 -11.8371 -9.4365 -10.5165 -11.0647
27.656951 -11.7212 -11.8336 -9.4333 -10.5133 -11.0615
27.752156 -11.7179 -11.8301 -9.4302 -10.5101 -11.0583
27.847361 -11.7147 -11.8267 -9.4270 -10.5069 -11.0551
27.942566 -11.7116 -11.8235 -9.4241 -10.5040 -11.0522
28.037770 -11.7087 -11.8205 -9.4213 -10.5012 -11.0494
28.132975 -11.7062 -11.8178 -9.4189 -10.4988 -11.0470
28.228180 -11.7040 -11.8155 -9.4169 -10.4967 -11.0449
28.323385 -11.7024 -11.8137 -9.4153 -10.4952 -11.0434
28.418590 -11.7013 -11.8124 -9.4143 -10.4942 -11.0423
28.513795 -11.7008 -11.8118 -9.4140 -10.4938 -11.0420
